227 8 512
695 6 370
339 3 83
377 3 127
713 3 695
27 4 10
209 7 34
318 0 405
722 3 265
890 0 569
106 0 558
685 0 192
686 3 534
861 0 192
589 1 17
132 1 17
733 0 316
499 4 10
653 7 4
809 0 184
911 8 9
140 4 10
133 7 4
511 8 398
594 10 594
574 7 67
370 4 10
533 0 223
400 1 17
454 3 459
750 4 10
358 3 411
103 8 180
162 6 583
599 10 26
599 4 10
343 4 10
513 4 16
335 4 10
604 7 38
779 1 3
368 1 17
565 1 3
348 7 4
102 1 17
172 4 10
410 4 10
320 8 42
237 4 10
646 7 4
200 3 197
346 1 32
628 3 764
353 7 4
622 7 4
369 1 142
476 1 17
587 4 16
793 8 631
777 3 112
516 8 396
225 3 225
709 4 194
594 0 883
584 8 547
710 10 574
190 1 32
535 4 16
77 7 34
554 6 591
381 8 105
81 6 742
124 7 38
428 3 451
140 7 38
586 4 16
117 6 858
528 4 10
640 8 279
700 6 172
228 1 17
610 7 4
796 6 25
719 7 34
66 8 577
26 10 26
381 1 6
793 0 46
435 8 630
722 4 10
690 8 31
713 0 360
437 0 171
819 0 341
312 0 496
710 8 332
264 8 560
209 6 68
374 10 236
225 6 385
186 7 67
628 4 10
707 3 311
556 4 10
366 4 10
454 7 34
605 7 4
797 10 380
102 0 226
808 1 142
325 4 10
640 10 416
182 1 6
661 8 392
605 10 605
775 7 38
503 10 301
350 3 214
918 7 38
54 3 54
395 1 32
506 4 10
73 8 309
800 4 10
448 0 479
867 0 321
210 0 338
445 4 10
183 4 16
839 6 651
374 4 10
55 8 42
6 7 4
331 4 10
88 4 16
280 0 240
217 10 217
489 1 32
322 3 304
809 8 724
324 10 324
130 3 93
902 6 350
796 7 38
589 6 537
380 7 4
416 1 6
779 0 244
448 7 34
800 10 591
403 10 403
692 1 142
263 4 16
263 1 3
290 3 197
538 10 538
314 7 13
384 0 223
349 6 579
751 6 722
833 0 394
817 8 300
104 3 104
359 1 17
366 7 4
57 8 559
435 4 16
409 8 421
911 0 438
747 10 747
272 8 798
284 1 17
493 4 10
587 1 32
503 4 10
375 1 6
424 4 10
707 8 427
698 3 698
873 0 1
539 7 38
370 1 709
856 1 17
343 6 295
675 0 22
243 10 243
751 7 4
102 8 464
450 0 553
178 4 10
524 6 511
522 10 522
151 0 496
639 3 603
712 1 32
349 4 10
264 0 14
70 1 32
133 10 133
591 3 27
606 8 21
35 0 261
701 3 701
793 3 7
842 7 4
534 1 3
640 4 10
653 6 387
459 7 34
530 6 382
350 8 693
594 1 17
337 1 32
336 0 91
841 8 107
109 3 521
899 7 13
489 0 632
205 7 4
503 6 796
662 3 179
68 8 257
539 4 10
818 1 17
154 6 339
774 10 28
462 1 32
586 0 82
337 7 38
35 4 16
839 7 4
615 4 16
638 10 638
265 6 751
292 7 38
0 4 10
876 1 32
151 4 10
697 1 3
903 4 16
99 10 315
442 4 16
827 7 34
403 4 10
204 1 17
114 1 32
796 8 42
703 0 415
867 1 17
903 1 17
245 4 16
182 7 4
771 6 109
698 10 698
602 10 602
368 10 132
805 4 10
719 4 16
50 0 788
775 0 404
168 7 4
112 8 141
712 4 10
535 8 425
49 0 14
368 0 341
470 4 10
523 0 767
324 7 4
779 7 13
654 6 51
526 1 17
537 4 10
339 7 4
6 4 194
879 1 17
834 0 20
616 3 616
740 1 17
544 8 256
897 1 17
727 0 123
897 8 588
314 1 142
249 1 142
50 8 490
98 8 256
245 7 4
382 0 461
182 0 316
147 10 147
410 10 362
127 1 17
418 4 10
358 6 620
612 4 10
190 6 462
556 0 726
619 8 257
834 7 4
449 4 10
191 0 223
445 3 445
747 4 10
704 4 10
37 7 4
225 4 10
61 8 531
584 4 10
179 4 10
742 0 261
896 4 16
437 4 10
784 0 494
17 7 4
827 8 76
565 10 565
808 7 34
450 10 450
24 7 4
33 4 10
385 8 665
26 7 4
296 4 10
737 0 338
476 6 556
280 8 317
616 7 13
96 0 578
2 1 17
174 10 174
230 1 3
74 0 166
335 1 142
137 7 4
306 4 10
591 4 10
481 1 17
777 4 10
836 1 17
337 3 140
349 3 349
49 3 459
375 0 20
860 0 446
236 4 10
554 4 10
26 4 10
299 10 78
652 10 652
197 7 4
441 0 550
189 8 232
162 10 583
794 7 67
472 10 334
73 10 73
451 7 4
791 8 294
109 0 683
501 7 4
124 0 298
335 10 68
890 1 17
586 7 4
793 10 277
186 0 717
711 3 711
478 6 299
748 0 548
521 7 4
89 10 89
801 0 75
70 4 10
805 8 267
800 0 283
556 8 392
851 4 16
102 10 147
301 8 42
771 10 109
395 4 10
150 7 4
784 10 538
286 0 597
637 3 637
754 0 18
344 0 240
230 8 641
112 10 111
135 10 135
37 8 269
292 1 32
80 4 10
505 10 505
465 0 558
487 0 378
147 4 10
629 8 110
331 7 4
170 7 4
808 4 16
902 10 350
117 3 117
682 1 32
780 6 28
897 0 634
861 1 6
646 0 14
459 8 752
546 8 543
480 6 237
651 7 4
96 7 4
411 10 217
703 3 703
181 1 17
385 10 385
248 8 129
460 4 10
626 10 362
324 8 256
172 1 17
344 4 10
902 3 214
497 7 38
468 7 4
858 8 300
458 4 10
418 8 560
250 1 17
556 10 556
103 10 103
228 6 598
911 1 32
899 4 16
335 3 104
140 8 297
539 10 539
833 8 21
604 1 32
376 8 854
424 7 4
384 1 17
556 1 17
190 7 38
470 6 124
643 7 4
372 3 372
791 1 17
407 10 407
637 4 10
265 10 103
598 7 4
521 0 683
594 7 4
212 6 325
764 10 170
243 0 551
161 10 315
161 8 303
410 0 171
654 1 32
384 3 384
284 10 191
774 7 38
289 3 161
51 1 32
230 4 16
384 7 4
713 10 520
58 0 242
432 3 629
911 4 16
197 4 10
704 3 704
320 7 38
238 0 282
879 8 509
342 10 57
325 7 4
58 1 17
28 7 38
652 4 10
524 3 524
104 0 145
233 8 373
188 8 21
27 1 17
318 1 17
432 6 605
754 8 313
489 4 10
53 4 10
416 8 279
197 1 6
68 4 10
181 10 181
108 7 67
7 3 7
604 3 81
827 3 827
304 0 507
662 8 107
406 8 636
686 10 272
68 3 104
439 1 142
691 4 16
281 1 17
774 6 604
797 8 355
478 10 78
815 7 4
336 7 4
380 4 10
889 8 621
775 3 140
27 8 486
762 4 10
771 0 683
640 6 835
646 1 17
660 6 314
608 6 248
686 1 3
112 6 694
370 8 31
102 6 700
519 8 790
200 1 6
817 0 354
492 8 681
296 7 4
508 0 1
596 0 155
572 3 189
516 0 738
448 8 397
331 10 270
124 10 124
792 8 268
228 0 743
89 8 87
643 0 242
680 1 6
84 0 466
361 7 38
792 1 3
873 7 4
7 8 631
775 10 337
495 6 174
98 3 98
780 8 246
692 8 752
565 7 67
525 10 254
835 1 6
97 4 10
599 0 166
337 10 337
441 1 32
384 6 222
409 0 862
159 0 101
775 4 10
756 0 341
344 8 317
477 6 505
838 8 379
274 10 487
733 7 4
476 0 726
534 8 798
459 4 10
495 8 128
236 7 4
53 0 316
387 10 508
344 3 344
583 10 583
572 4 10
827 0 119
423 1 3
181 3 703
610 0 242
906 1 17
902 7 4
487 3 274
325 10 325
905 1 32
270 1 17
581 10 182
797 1 17
225 8 665
186 10 574
907 1 3
606 1 17
663 7 4
369 10 538
445 6 747
638 8 648
274 0 378
342 0 386
228 3 228
99 4 10
117 8 300
238 3 238
97 8 425
851 7 34
557 7 4
58 3 29
362 4 10
368 8 40
797 3 96
233 10 407
523 8 798
29 4 10
449 7 4
170 8 545
519 7 67
349 7 4
591 8 486
410 1 17
526 3 764
32 7 38
201 10 78
612 6 424
66 10 66
712 0 302
552 1 32
524 0 187
819 1 17
750 6 448
423 4 10
443 3 443
481 3 481
537 1 17
629 1 17
715 1 17
860 1 142
191 1 17
27 10 591
353 4 10
55 0 548
805 10 346
135 4 10
918 8 559
516 10 51
764 8 545
97 0 390
763 0 123
96 8 355
423 8 152
535 0 390
462 10 462
254 8 543
211 0 670
27 6 366
167 7 4
775 6 337
290 8 85
777 6 779
769 8 85
796 0 548
406 7 38
212 8 356
80 6 357
868 7 4
462 7 38
132 8 40
274 3 274
530 0 461
574 3 186
873 4 10
3 7 67
780 10 28
763 4 10
142 4 194
586 8 62
629 4 10
816 6 839
902 0 71
697 8 232
2 3 2
162 7 38
57 10 57
451 0 321
444 0 717
747 3 445
381 7 4
112 0 244
574 0 717
167 1 6
296 3 150
537 3 704
444 1 782
628 8 545
83 4 10
170 1 17
480 1 17
654 4 10
692 4 16
628 7 4
459 1 142
286 1 32
135 7 4
254 4 10
603 1 17
84 1 17
54 6 439
301 1 32
860 4 16
710 7 67
599 1 17
377 6 188
88 0 507
178 1 3
472 6 334
694 0 244
662 1 32
579 7 4
492 4 10
815 4 16
776 0 242
178 10 178
133 4 10
127 3 127
53 10 182
867 4 16
544 0 139
366 0 283
873 3 481
712 7 38
581 8 734
125 7 34
369 7 34
555 4 16
376 10 376
407 8 373
627 4 10
581 7 4
737 1 17
236 10 236
876 7 38
888 7 4
682 4 16
530 3 530
694 4 10
24 10 236
892 1 17
711 1 17
213 7 38
251 8 412
146 0 171
188 7 4
361 0 305
81 10 28
410 6 499
377 4 10
322 10 322
138 6 233
679 1 17
812 8 273
626 6 410
538 4 10
750 0 479
182 3 581
98 0 139
703 10 181
265 3 265
607 8 419
376 1 32
418 7 4
627 8 648
51 7 38
382 1 17
603 6 639
358 10 217
344 1 32
204 4 10
349 0 131
867 8 193
144 0 541
147 8 464
861 8 105
334 8 642
776 7 4
213 0 558
836 4 16
695 8 31
497 8 396
472 8 642
480 8 15
719 8 397
188 0 394
685 8 105
600 3 173
358 8 364
284 7 4
841 4 16
205 3 150
619 7 34
243 1 32
33 3 506
698 1 3
602 1 32
505 7 38
331 3 331
272 10 272
554 0 283
589 4 10
888 1 17
320 3 320
750 10 125
89 4 10
118 0 316
435 0 721
343 8 724
711 10 37
643 6 610
762 0 634
439 8 129
710 1 782
918 1 32
703 7 4
546 4 16
111 8 141
608 0 446
709 7 41
95 7 4
293 8 76
191 7 4
762 10 762
523 4 10
407 7 13
112 3 112
331 8 15
68 7 34
713 1 709
407 3 138
452 0 634
168 1 17
249 3 249
53 7 4
304 7 67
272 4 10
127 4 10
809 4 16
600 0 52
606 6 715
666 7 4
727 7 13
769 4 16
488 6 243
666 0 223
819 4 10
106 4 10
264 1 17
525 7 4
140 0 404
118 1 6
118 3 581
555 0 788
502 1 17
400 7 4
573 4 10
222 4 10
124 1 32
701 4 10
249 7 34
243 4 10
777 10 111
638 0 433
478 4 10
794 8 642
375 8 744
478 7 4
704 10 537
55 4 10
572 8 232
74 10 26
751 1 17
118 6 182
472 7 67
374 7 4
322 7 67
209 3 104
502 0 390
281 4 10
657 3 521
612 10 167
211 3 211
501 0 484
879 7 4
173 0 52
764 4 10
646 4 16
583 4 10
511 3 524
465 8 613
88 1 3
238 10 238
84 7 4
237 8 15
299 7 4
439 4 10
827 1 142
118 7 4
7 0 46
146 1 17
572 7 67
350 0 71
89 7 38
322 4 10
112 7 13
497 1 32
493 10 493
686 6 272
80 10 357
452 4 10
763 3 763
584 1 6
372 6 679
682 8 87
793 7 4
368 6 132
265 0 500
906 7 4
520 8 31
701 0 632
308 8 821
243 7 38
212 4 10
858 1 17
377 0 394
228 8 195
304 3 304
499 6 437
280 4 10
311 4 10
627 3 627
35 7 38
209 0 145
286 10 286
565 8 471
437 10 362
237 7 4
656 0 595
362 3 146
159 6 292
424 3 612
827 4 10
104 6 335
565 3 565
704 7 4
835 4 10
280 3 344
43 4 10
344 10 280
28 1 32
189 10 144
284 0 223
445 0 618
581 4 10
37 1 17
572 6 144
780 4 10
186 3 186
530 1 17
290 7 4
700 3 102
557 1 17
335 8 257
897 4 16
369 6 538
477 1 32
335 0 145
557 4 10
120 10 125
411 0 215
103 3 265
502 8 425
657 8 426
384 4 10
189 6 572
697 0 541
106 10 106
55 10 301
754 4 10
78 7 4
103 7 4
311 7 13
503 8 42
37 3 711
114 10 539
701 10 489
816 3 612
533 10 191
120 1 142
27 0 283
571 0 285
292 0 101
407 1 3
265 4 10
661 4 16
28 0 261
701 7 38
233 6 407
361 3 361
742 4 10
403 8 100
640 0 496
443 6 395
377 7 4
295 8 724
358 0 215
214 10 350
170 3 764
374 0 20
49 1 142
225 0 420
487 7 34
369 3 249
575 1 17
400 8 631
657 7 4
209 4 10
108 6 178
33 10 33
771 4 10
905 8 645
120 3 120
584 3 584
915 0 244
762 1 17
528 1 17
476 3 476
742 10 28
918 4 16
424 0 846
92 8 40
178 3 108
679 7 4
132 3 92
173 1 3
250 8 221
511 0 187
777 8 141
179 10 662
662 4 10
78 4 10
836 0 166
640 1 6
497 4 16
334 3 472
571 3 306
179 0 474
459 0 14
68 0 145
521 6 657
836 8 176
598 8 195
792 6 33
172 8 464
66 1 32
782 4 194
856 8 648
452 7 4
605 4 10
423 3 423
387 4 10
784 4 10
523 10 272
181 8 153
763 7 13
725 8 268
358 7 4
751 4 10
217 8 364
835 0 496
357 8 630
201 3 478
304 1 3
289 10 315
449 10 449
574 4 10
639 0 208
691 7 67
96 6 797
424 1 6
74 3 74
519 4 10
520 1 709
205 6 250
583 8 113
733 1 6
556 3 476
452 3 452
680 0 215
604 10 28
740 0 420
270 0 466
856 0 433
579 3 349
260 8 76
480 7 4
286 8 266
575 0 71
353 8 543
499 1 17
763 8 128
522 0 321
616 0 18
19 3 19
679 0 569
808 8 671
270 8 15
460 6 502
66 3 66
589 8 773
475 10 508
374 8 744
827 6 293
108 1 3
538 7 34
353 6 254
495 1 3
451 10 522
325 0 585
522 7 4
106 1 32
495 10 174
503 0 548
606 0 394
805 6 346
201 6 78
589 3 704
715 0 394
525 3 525
80 7 4
112 1 3
499 10 362
197 8 85
520 4 10
574 8 332
657 0 683
526 8 545
792 10 33
292 8 430
511 4 10
314 4 10
701 1 32
499 3 146
715 8 21
475 3 481
511 10 164
666 1 17
762 8 588
369 8 220
37 4 10
851 8 220
573 10 272
54 0 446
25 1 32
366 10 591
589 10 537
608 3 54
178 7 67
189 7 67
619 1 142
301 0 548
460 8 425
127 8 21
686 4 10
633 0 203
900 1 17
97 1 17
7 10 277
516 3 516
214 1 17
470 0 298
784 3 249
715 3 127
552 0 240
651 0 11
151 7 4
296 1 17
793 1 17
694 6 777
638 7 4
627 1 17
628 0 383
858 3 117
28 10 28
147 7 4
492 7 38
462 4 10
95 1 17
503 7 38
487 10 487
70 0 597
598 1 17
666 8 126
444 8 332
534 4 10
605 8 110
589 0 203
774 8 246
260 0 119
61 4 16
77 4 10
662 7 38
190 4 10
348 1 17
830 3 703
214 3 214
416 0 496
903 8 153
703 8 153
712 8 379
637 1 3
83 8 185
627 6 638
98 1 17
797 6 380
159 10 539
685 10 685
344 7 38
277 4 10
530 10 382
841 0 474
763 10 174
591 0 283
7 1 17
557 8 746
50 7 38
190 0 549
907 4 10
488 7 38
92 0 341
480 0 466
715 6 377
756 8 40
382 7 4
348 3 348
248 1 142
299 1 17
508 7 4
462 3 190
411 1 6
293 1 142
465 3 465
135 1 17
289 6 315
835 7 4
478 8 62
764 1 17
587 7 38
348 8 644
600 4 10
17 4 194
493 7 4
680 4 16
876 8 266
222 8 126
679 8 434
458 8 736
161 6 99
448 1 142
710 0 717
627 0 433
525 6 353
236 3 24
33 8 268
737 4 16
55 7 38
520 7 41
475 4 10
54 7 34
534 3 534
808 0 378
780 7 38
620 1 6
51 10 51
424 10 167
526 10 170
250 4 10
77 10 77
277 0 46
361 1 32
28 8 246
750 8 397
573 8 798
538 8 220
801 7 38
228 10 598
867 7 4
348 0 330
572 10 144
472 4 10
289 1 32
598 10 598
409 10 409
343 10 295
80 3 80
679 10 679
423 0 916
858 0 354
382 3 530
707 4 10
263 7 13
680 8 364
342 1 32
443 7 38
902 1 17
189 3 189
707 0 82
653 10 508
705 6 819
711 7 4
465 7 38
451 6 428
315 1 32
7 6 793
656 8 113
522 1 17
296 0 405
638 1 17
271 4 16
29 8 59
164 7 4
616 6 754
833 1 17
277 7 4
25 3 320
725 1 3
271 0 483
472 1 3
209 1 142
35 8 246
311 8 427
248 3 54
409 7 38
179 6 662
133 0 473
370 3 695
172 0 226
638 3 627
834 1 6
791 0 171
600 1 3
410 8 294
690 1 709
640 3 151
612 3 612
362 8 294
25 10 301
907 0 767
418 10 418
205 1 17
836 7 4
264 4 10
707 1 3
357 10 357
873 6 508
353 10 254
896 1 32
629 7 4
572 1 3
130 4 10
619 0 145
170 4 10
616 1 142
54 10 248
357 1 17
73 3 173
725 4 16
406 3 406
293 10 293
274 8 671
213 8 613
424 8 412
159 3 114
54 8 129
444 7 67
114 0 101
344 6 280
700 10 147
713 6 520
608 8 129
492 3 492
815 0 578
629 6 432
432 7 4
178 0 536
191 4 10
154 10 339
663 4 16
83 0 91
411 6 358
662 0 474
703 4 10
93 3 93
816 10 167
418 0 14
55 3 320
376 4 10
49 7 34
812 4 16
450 8 94
827 10 293
385 3 225
889 1 32
251 1 6
451 3 451
331 0 466
525 0 199
626 1 17
633 1 17
899 0 18
458 7 4
125 4 10
605 1 17
470 3 470
53 3 581
481 8 273
796 3 320
0 10 0
604 6 780
169 1 6
296 10 250
511 7 4
205 10 250
763 6 495
245 1 17
320 4 10
411 3 411
289 8 303
70 3 70
25 7 38
238 7 4
274 6 487
776 1 17
314 3 616
608 4 10
448 3 120
656 7 38
162 4 10
84 4 16
334 10 334
653 8 273
598 3 228
639 7 4
571 6 449
109 4 10
370 10 520
639 10 135
443 1 32
33 1 3
519 0 716
812 1 17
308 7 4
506 6 792
51 3 516
249 0 494
225 7 4
449 3 306
782 7 67
99 1 32
366 3 27
61 1 32
138 1 3
680 7 4
88 8 453
694 7 13
51 8 396
538 3 249
200 8 85
418 3 43
137 8 126
315 3 161
628 1 17
610 3 29
164 1 17
571 10 449
722 8 180
53 8 734
382 4 10
747 7 38
140 3 140
95 4 10
612 7 4
602 8 379
488 4 10
442 7 4
629 0 121
495 7 13
217 3 411
437 1 17
382 8 509
190 10 462
539 0 101
57 0 386
395 10 395
516 4 10
903 0 415
138 4 10
495 0 123
97 10 95
74 7 4
32 4 194
584 10 584
217 7 4
751 3 265
594 4 10
204 10 204
533 3 384
274 1 142
167 0 11
470 10 124
628 6 526
27 3 27
719 1 142
505 3 477
406 10 406
306 10 449
776 8 59
450 4 10
704 8 773
663 1 17
454 1 142
385 7 4
130 10 130
751 8 180
441 10 441
159 7 38
537 7 4
349 1 17
705 10 132
2 10 2
539 8 430
272 3 534
797 4 10
888 4 16
629 10 605
454 10 49
140 10 337
73 0 52
599 8 176
26 1 17
78 8 62
70 7 38
454 0 14
227 7 38
700 1 17
801 8 303
892 7 4
715 10 188
477 0 276
452 6 762
737 7 4
905 7 38
423 7 67
322 0 507
505 4 10
697 4 16
19 8 490
93 1 17
711 8 269
172 3 102
384 8 126
819 10 132
458 1 17
839 1 6
144 7 67
524 7 4
243 3 488
227 4 16
451 4 10
250 3 150
376 3 376
388 8 463
703 1 17
104 7 34
602 4 10
92 4 10
481 0 1
179 1 32
359 8 110
508 4 10
29 7 4
245 0 187
236 1 6
911 7 38
249 10 538
130 1 17
643 4 10
353 1 17
492 0 843
797 7 4
130 0 483
213 4 16
342 3 342
188 1 17
381 10 685
81 3 81
705 0 341
501 4 10
511 1 17
93 6 130
280 7 38
657 4 10
487 1 142
37 10 37
372 10 679
552 8 317
666 6 191
606 10 188
516 6 654
308 0 718
501 3 557
150 4 10
771 8 426
700 0 226
50 4 10
205 8 221
308 10 308
342 4 10
411 8 364
24 8 744
99 7 38
0 3 311
70 8 266
147 0 226
651 8 412
296 8 221
458 3 210
78 1 17
236 8 744
448 10 125
468 0 585
168 8 486
906 0 383
97 7 4
432 10 605
526 0 383
539 3 114
109 8 426
748 1 32
324 4 10
530 7 4
132 0 341
245 8 398
835 6 416
643 8 59
900 7 4
400 0 46
188 3 127
318 8 221
25 4 10
842 1 17
524 10 164
674 8 798
342 8 559
312 4 16
503 3 320
530 8 509
508 3 481
151 10 416
686 8 798
819 8 40
222 6 284
93 7 4
37 0 163
791 7 4
812 7 4
771 3 521
441 3 441
805 1 32
534 0 767
530 4 10
437 8 294
615 7 4
201 7 4
481 6 475
61 0 551
565 4 10
179 7 38
161 1 32
295 3 343
600 7 67
103 1 17
477 10 505
722 6 103
607 0 431
299 3 478
497 0 738
130 8 655
68 1 142
612 1 6
896 7 38
533 7 4
315 10 315
437 6 362
583 3 162
748 4 16
544 1 17
2 7 4
83 3 83
907 10 272
445 1 32
710 3 186
117 4 10
780 0 261
348 10 348
525 8 543
125 0 479
712 6 602
690 0 360
833 7 4
626 7 4
526 7 4
575 4 16
488 10 243
452 1 17
503 1 32
751 0 500
679 3 372
686 0 767
124 3 470
182 8 734
280 10 280
653 0 1
271 7 4
81 4 10
372 0 569
776 4 16
173 6 600
906 4 16
575 7 4
339 1 17
879 0 461
713 4 10
533 4 10
774 3 81
210 8 736
674 0 767
388 4 16
521 10 109
418 1 17
762 7 4
410 3 146
222 7 4
779 6 111
465 1 32
339 0 91
764 0 383
707 7 13
58 7 4
506 10 33
700 8 464
77 3 77
842 0 743
284 4 10
524 1 17
127 0 394
264 10 418
43 1 17
249 8 220
713 8 31
478 3 478
833 4 16
19 4 10
334 7 67
608 10 248
311 0 82
342 6 57
835 8 279
722 10 103
306 3 306
443 0 438
477 8 645
348 4 10
407 4 10
89 0 305
292 10 539
458 0 338
146 8 294
222 0 223
499 8 294
95 8 425
99 0 75
197 10 290
95 3 460
170 10 170
493 3 528
132 4 10
97 3 460
243 8 531
501 8 746
775 1 32
306 0 285
554 8 486
299 0 82
66 0 887
117 7 4
493 8 419
380 10 380
164 3 524
57 7 38
89 1 32
656 1 32
705 4 10
292 4 10
565 0 429
49 10 49
629 3 629
513 8 297
325 8 356
325 1 17
439 6 608
120 8 397
643 10 58
169 6 685
800 8 486
719 0 479
289 0 75
439 10 248
612 0 846
55 6 301
704 0 203
292 6 539
769 1 6
83 6 154
508 10 508
125 3 120
915 8 141
353 3 525
54 4 10
388 7 38
554 1 17
907 7 67
191 10 191
620 7 4
33 7 13
312 8 279
315 8 303
387 8 273
573 7 67
406 4 10
652 7 38
779 8 141
322 1 3
449 0 285
725 0 352
607 7 4
574 1 782
350 4 10
108 10 178
162 8 113
284 6 533
534 6 573
830 8 153
873 8 273
711 4 10
685 1 6
80 1 17
3 4 194
705 7 4
777 0 244
73 7 67
639 4 10
460 0 390
140 1 32
662 10 662
879 4 16
154 4 10
819 7 4
370 6 713
159 1 32
571 7 4
228 4 10
594 8 482
277 1 17
7 7 4
468 8 356
620 3 411
146 7 4
522 8 193
137 1 17
701 8 401
779 10 111
111 10 111
395 8 9
214 4 10
468 1 17
454 4 10
362 1 17
888 0 285
439 7 34
475 6 653
186 4 10
692 0 14
801 1 32
481 4 10
445 8 463
674 4 16
387 3 481
896 0 632
602 0 302
839 8 412
358 4 10
74 6 599
487 8 671
109 1 17
24 4 10
475 1 17
695 1 709
178 8 641
476 8 392
685 3 381
96 4 10
704 6 589
900 0 163
197 6 200
581 1 6
181 4 10
858 10 204
589 7 4
254 7 4
700 4 10
293 7 34
353 0 199
133 8 853
95 10 95
499 7 4
96 1 17
606 7 4
661 1 17
740 8 665
168 0 283
615 1 17
591 10 591
784 6 369
915 1 3
114 7 38
441 7 38
528 3 528
792 7 13
189 0 541
254 10 254
523 6 907
809 1 17
793 6 277
289 7 38
756 4 16
653 4 10
477 3 477
154 0 91
742 1 32
211 8 914
357 3 80
459 6 454
147 1 17
225 1 17
210 10 458
211 1 17
533 8 126
432 0 121
557 3 557
628 10 170
443 8 9
657 6 771
270 7 4
337 8 297
579 1 17
796 10 301
557 0 484
897 7 4
493 1 17
443 10 395
304 8 453
750 3 120
444 4 16
55 1 32
713 7 41
286 7 38
839 0 11
784 8 220
838 7 38
151 8 279
458 10 458
639 8 729
603 0 208
286 3 70
311 3 311
35 1 32
106 8 613
513 1 32
661 0 726
331 6 480
315 7 38
907 8 798
660 0 18
248 7 34
571 8 609
264 3 43
277 8 631
452 8 588
308 1 17
311 6 707
381 0 192
546 1 17
375 7 4
656 4 16
350 10 350
554 3 27
370 0 360
142 7 34
652 3 652
615 0 139
520 3 695
657 1 17
336 1 17
127 10 188
7 4 10
299 4 10
19 1 32
682 0 305
349 10 579
212 3 212
747 1 32
248 4 10
270 4 10
520 0 360
573 0 767
98 10 324
50 1 32
525 4 10
301 3 320
432 1 17
174 1 3
606 3 127
476 7 4
522 4 10
263 0 82
104 8 257
450 3 450
83 1 17
28 4 10
764 7 4
315 0 75
442 8 729
599 3 74
750 1 142
281 0 518
174 4 10
200 6 290
306 8 609
228 7 4
416 10 416
189 1 3
132 10 132
173 7 67
362 10 362
435 7 4
764 6 628
290 10 290
488 1 32
452 10 762
489 3 701
754 6 660
374 6 375
336 8 185
596 4 16
127 6 606
653 1 17
546 7 4
475 8 273
525 1 17
308 3 308
99 3 161
698 7 67
212 10 325
19 7 38
902 4 10
375 10 236
660 1 142
519 3 519
124 4 10
691 8 309
130 7 4
697 7 67
230 7 67
26 0 166
93 10 130
615 8 256
816 7 4
902 8 693
265 1 17
574 10 574
818 4 16
686 7 67
144 3 189
476 4 10
748 8 42
890 4 16
248 10 248
43 3 43
213 1 32
868 0 131
311 10 0
818 7 4
137 0 223
406 0 617
835 10 416
524 4 10
660 7 13
441 8 614
605 3 629
93 0 483
605 0 121
104 1 142
830 1 17
838 0 302
167 3 612
441 4 10
146 10 362
146 6 626
120 0 479
801 4 16
57 4 10
324 1 17
265 8 180
460 3 460
114 3 114
600 10 73
296 6 205
358 1 6
388 0 618
204 7 4
610 1 17
694 3 112
388 1 32
173 8 309
28 3 81
250 7 4
88 7 67
334 4 10
511 6 164
460 1 17
169 4 10
334 1 3
281 7 4
372 4 10
315 4 10
174 8 128
343 3 343
627 7 4
299 6 201
915 7 13
450 1 17
251 4 16
606 4 10
899 1 142
478 1 17
135 3 603
489 10 489
695 4 10
616 10 314
470 8 512
769 7 4
58 4 10
841 1 32
284 3 384
125 10 125
873 10 508
150 10 250
622 4 16
505 8 645
792 4 10
83 10 339
304 4 10
325 3 212
506 3 506
0 1 3
164 10 164
432 8 110
254 3 525
98 4 10
334 0 402
212 0 585
674 1 3
168 4 16
211 10 211
600 6 73
555 1 32
443 4 10
817 1 17
816 1 6
254 0 199
290 1 6
675 4 16
78 10 78
468 4 16
888 8 609
83 7 4
104 4 10
639 1 17
502 10 95
596 1 32
103 0 500
604 4 10
771 7 4
779 3 112
796 4 10
169 10 685
460 7 4
151 1 6
84 8 15
666 3 384
49 4 10
289 4 10
293 4 10
890 8 434
620 10 217
409 1 32
522 3 451
544 4 10
205 0 405
502 3 460
797 0 578
695 3 695
144 1 3
387 0 1
272 1 3
238 8 886
26 3 74
118 8 734
81 0 261
191 8 126
118 4 10
470 1 32
54 1 142
210 6 458
800 7 4
167 10 167
284 8 126
449 8 609
499 0 171
557 10 501
370 7 41
607 1 17
403 1 3
633 4 16
733 4 16
533 1 17
133 3 133
537 0 203
0 7 13
81 8 246
50 10 50
459 3 459
439 0 446
604 0 261
50 3 19
596 8 267
502 4 10
742 7 38
346 10 346
892 4 16
271 8 655
748 7 38
838 4 16
868 4 16
705 8 40
794 4 16
428 4 10
705 3 92
387 1 17
111 3 112
622 1 17
535 1 17
830 7 4
380 0 578
29 3 29
816 8 412
472 3 472
896 8 401
502 7 4
304 10 322
151 6 640
260 4 16
740 7 4
169 0 192
858 6 204
264 7 4
598 4 10
637 8 100
603 3 603
117 10 204
906 8 545
117 0 354
181 0 415
238 1 6
272 7 67
381 4 10
236 0 20
411 7 4
694 1 3
805 3 805
575 8 693
301 4 10
230 0 536
161 7 38
146 4 10
800 3 27
754 1 142
654 0 738
191 3 384
626 3 146
80 0 721
214 0 71
29 0 242
377 1 17
839 3 612
520 10 520
337 4 10
657 10 109
179 8 107
428 0 321
619 4 16
227 1 32
805 7 38
506 1 3
579 8 258
900 4 16
314 10 314
92 7 4
211 7 4
784 7 34
477 4 10
150 1 17
167 4 10
544 3 98
162 1 32
835 3 151
161 4 10
437 3 146
174 7 13
251 0 11
774 4 10
248 0 446
172 6 147
534 10 272
460 10 95
674 7 67
599 6 26
771 1 17
114 8 430
690 7 41
842 4 16
295 4 10
409 3 409
637 10 403
591 7 4
144 8 232
579 10 579
478 0 82
889 0 549
93 8 655
135 0 208
737 8 736
692 7 34
459 10 49
406 1 32
19 10 50
361 6 89
403 7 67
462 0 549
756 7 4
638 4 10
816 4 10
695 10 520
146 3 146
599 7 4
722 0 500
154 1 17
108 4 10
111 7 13
74 1 17
281 8 875
860 8 129
150 8 221
725 7 13
237 3 331
384 10 191
19 6 50
860 7 34
596 7 38
604 8 246
222 1 17
528 10 493
51 0 738
181 7 4
164 0 187
506 8 268
616 4 10
608 1 142
428 1 17
80 8 630
715 7 4
343 1 17
108 8 641
162 0 595
343 7 4
233 0 22
769 0 514
200 4 10
839 4 10
120 4 10
161 3 161
93 4 10
395 3 443
583 7 38
428 7 4
521 1 17
270 10 270
533 6 666
53 6 118
654 7 38
212 7 4
201 8 62
660 8 313
591 1 17
707 10 0
506 0 352
777 1 3
324 0 139
125 8 397
78 3 478
685 7 4
292 3 114
523 3 534
607 4 16
237 10 270
403 0 156
346 4 10
465 10 106
432 4 10
251 7 4
359 7 4
489 8 401
819 6 368
622 0 484
653 3 481
189 4 10
633 7 4
174 0 123
212 1 17
169 7 4
150 6 296
209 10 68
691 1 3
666 10 191
73 1 3
842 8 195
701 6 489
651 3 612
66 4 10
445 10 747
521 8 426
526 6 170
125 1 142
314 8 313
314 0 18
513 7 38
603 8 729
411 4 10
237 0 466
249 4 10
416 7 4
603 10 135
707 6 0
306 1 17
780 3 81
361 8 87
164 4 10
96 10 380
573 3 534
311 1 3
387 7 4
501 1 17
78 0 82
539 1 32
183 8 100
660 10 314
800 6 554
465 4 10
377 8 21
144 10 144
209 8 257
809 7 4
528 8 419
712 10 602
103 4 10
306 7 4
109 7 4
280 1 32
183 0 156
53 1 6
151 3 151
654 3 516
626 0 171
375 4 10
211 4 10
200 0 514
544 6 324
552 7 38
652 0 229
111 0 244
472 0 402
557 6 501
711 0 163
834 8 744
210 7 4
96 3 96
138 0 22
454 6 49
366 1 17
167 8 412
698 0 870
834 4 16
161 0 75
272 0 767
488 3 488
339 8 185
210 4 10
480 4 10
295 10 295
480 3 331
400 4 16
660 3 616
505 1 32
99 8 303
712 3 712
513 0 404
830 10 181
264 6 418
694 10 111
526 4 10
610 10 58
124 8 512
722 1 17
210 3 210
281 3 281
488 8 531
450 7 4
516 1 32
756 1 17
654 10 51
362 0 171
403 3 637
519 1 3
92 1 17
763 1 3
144 4 10
423 10 423
428 6 522
573 1 3
112 4 10
439 3 54
173 4 10
502 6 97
584 7 4
233 3 138
675 1 3
295 1 17
690 4 16
217 1 6
369 0 494
154 8 185
654 8 396
620 4 10
89 3 361
2 4 10
322 8 453
102 3 102
903 7 4
524 8 398
385 4 10
366 8 486
277 3 7
362 7 4
501 10 501
892 8 426
666 4 10
819 3 92
357 4 10
779 4 10
361 10 89
132 7 4
556 7 4
190 3 190
0 8 427
435 1 17
357 0 721
572 0 541
695 0 360
751 10 103
747 8 463
573 6 523
0 0 82
830 0 415
117 1 17
587 8 430
792 0 352
495 3 763
29 10 58
271 1 17
571 1 17
519 10 519
179 3 179
120 7 34
682 7 38
508 8 273
320 0 548
395 7 38
308 4 10
918 0 386
764 3 764
70 10 286
476 10 556
350 1 17
651 1 6
470 7 38
111 1 3
2 8 699
600 8 309
138 8 373
331 1 17
639 6 135
182 10 182
915 4 16
188 10 188
74 8 176
889 4 16
538 0 494
481 7 4
359 4 16
791 4 16
377 10 188
876 0 597
190 8 621
475 0 1
249 6 784
312 1 6
679 4 10
214 8 693
800 1 17
794 1 3
201 4 10
851 1 142
622 8 746
416 4 10
346 7 38
889 7 38
528 6 493
571 4 10
640 7 4
293 3 827
188 4 10
225 10 385
523 1 3
147 3 102
528 7 4
838 1 32
372 1 17
492 10 492
233 4 10
733 8 734
43 10 418
890 7 4
643 3 29
336 4 16
227 0 298
200 10 290
448 4 10
70 6 286
372 7 4
685 4 10
747 0 618
488 0 551
25 0 548
506 7 13
74 4 10
172 7 4
612 8 412
465 6 106
711 6 37
337 0 404
407 0 22
646 8 560
127 7 4
170 0 383
118 10 182
29 1 17
24 1 6
583 1 32
784 1 142
135 8 729
169 8 105
58 10 58
374 1 6
480 10 270
451 1 17
812 0 1
98 7 4
375 3 24
154 3 83
24 0 149
346 3 805
217 0 215
368 7 4
381 6 169
109 10 109
839 10 167
594 3 594
523 7 67
521 3 521
493 0 431
754 10 314
182 4 10
172 10 147
349 8 258
409 4 10
742 3 81
58 8 59
555 7 38
584 0 720
350 7 4
451 8 193
792 3 506
97 6 95
29 6 643
61 7 38
281 10 281
489 7 38
462 8 621
27 7 4
554 10 591
602 3 712
66 7 38
602 7 38
858 7 4
410 7 4
222 10 191
73 4 10
102 7 4
237 1 17
265 7 4
368 3 92
775 8 297
637 0 156
715 4 10
201 0 82
368 4 10
204 8 300
620 8 364
581 0 316
705 1 17
250 10 250
774 1 32
374 3 24
324 3 98
603 7 4
586 1 17
633 8 773
698 8 247
830 4 10
250 0 405
552 4 16
133 1 17
361 4 10
335 6 209
376 7 38
637 6 403
43 8 560
77 8 885
727 8 128
201 1 17
675 7 13
106 3 465
51 4 10
900 8 269
304 6 322
544 7 4
222 3 384
106 7 38
581 3 581
92 6 705
817 4 16
164 8 398
740 4 16
108 3 108
169 3 381
183 7 67
346 8 267
442 1 17
43 6 264
381 3 381
742 8 246
508 1 17
742 6 774
537 8 773
703 6 830
546 0 199
342 7 38
320 6 503
851 0 494
816 0 11
295 0 184
610 4 10
538 1 142
318 4 16
663 8 180
663 0 500
598 0 743
343 0 184
754 7 13
150 0 405
210 1 17
382 10 382
376 0 728
173 10 73
873 1 17
366 6 800
43 7 4
722 7 4
111 4 10
651 4 10
856 4 16
695 7 41
637 7 67
445 7 38
173 3 173
762 3 452
138 3 138
750 7 34
830 6 181
387 6 873
92 3 92
43 0 14
442 0 208
197 3 197
162 3 162
204 0 354
794 0 402
233 7 13
691 0 52
495 4 10
675 8 373
260 1 142
643 1 17
818 0 226
200 7 4
183 1 3
380 3 96
359 0 121
205 4 10
375 6 236
92 10 132
428 8 193
454 8 752
290 4 10
534 7 67
868 8 258
174 3 763
905 0 276
186 6 710
138 10 407
544 10 324
217 4 10
449 1 17
487 4 10
270 3 331
856 7 4
395 0 438
24 3 24
581 6 53
579 0 131
698 4 10
627 10 638
25 6 55
299 8 62
774 0 261
492 1 32
651 10 167
25 8 42
905 4 16
108 0 536
424 6 816
77 1 142
214 7 4
33 0 352
372 8 434
516 7 38
49 8 752
505 0 276
477 7 38
694 8 141
796 1 32
98 6 544
899 8 313
660 4 10
608 7 34
339 10 339
104 10 68
260 7 34
385 1 17
137 4 16
700 7 4
554 7 4
102 4 10
154 7 4
780 1 32
481 10 508
704 1 17
197 0 514
818 8 464
233 1 3
301 7 38
357 7 4
346 0 155
99 6 289
263 8 427
727 4 16
876 4 16
626 8 294
237 6 270
380 8 355
26 8 176
587 0 101
286 4 10
603 4 10
907 3 534
610 8 59
290 0 514
475 7 4
868 1 17
301 10 301
793 4 10
861 7 4
626 4 10
710 4 10
204 3 117
537 10 537
318 7 4
448 6 125
120 6 750
620 0 215
651 6 167
437 7 4
535 7 4
579 4 10
652 8 650
254 1 17
68 10 68
754 3 616
159 4 10
274 7 34
428 10 522
277 10 277
907 6 686
95 0 390
238 4 10
159 8 430
57 3 342
727 1 3
555 8 490
114 6 159
817 7 4
583 0 595
320 1 32
186 8 332
380 1 17
2 0 455
320 10 301
521 4 10
892 0 683
861 4 16
620 6 217
416 3 151
610 6 58
339 4 10
81 1 32
81 7 38
841 7 38
710 6 574
661 7 4
77 0 327
777 7 13
616 8 313
369 4 10
312 7 4
57 1 32
150 3 150
186 1 782
528 0 431
805 0 155
385 0 420
138 7 13
19 0 788
114 4 10
815 8 355
274 4 10
293 0 119
652 1 32
858 4 10
335 7 34
295 7 4
815 1 17
